661.111,160.696,357.264
661.059,161.942,357.314
661.007,163.24,357.356
660.955,164.486,357.420
660.903,165.732,357.481
660.852,167.03,357.539
660.8,168.224,357.588
660.748,169.47,357.639
660.696,170.665,357.690
660.644,171.859,357.741
660.592,173.053,357.789
660.54,174.247,357.837
660.54,175.389,357.905
660.488,176.584,357.957
660.436,177.726,357.997
660.436,178.868,358.056
660.384,179.958,358.097
660.384,181.049,358.146
660.332,182.139,358.177
660.28,183.229,358.217
660.28,184.268,358.262
660.228,185.358,358.308
660.228,186.397,358.356
660.177,187.383,358.396
660.125,188.422,358.432
660.125,189.46,358.427
660.073,190.447,358.377
660.073,191.485,358.290
660.021,192.471,358.226
660.021,193.458,358.204
659.969,194.444,358.201
659.969,195.431,358.207
659.917,196.417,358.208
659.865,197.404,358.204
659.813,198.339,358.203
659.813,199.325,358.207
659.761,200.312,358.207
659.761,201.298,358.202
659.709,202.233,358.193
659.709,203.219,358.188
659.657,204.206,358.178
659.605,205.14,358.170
659.605,206.127,358.164
659.553,207.061,358.153
659.502,208.048,358.133
659.45,209.034,358.102
659.45,210.021,358.070
659.398,211.007,358.041
659.346,211.942,358.011
659.346,212.928,357.979
659.294,213.915,357.941
659.242,214.901,357.896
659.19,215.94,357.866
659.19,216.926,357.826
659.138,217.913,357.788
659.086,218.899,357.748
659.034,219.886,357.712
659.034,220.924,357.678
658.982,221.911,357.654
658.93,222.949,357.625
658.879,223.936,357.616
658.827,224.922,357.591
658.775,225.961,357.573
658.775,226.999,357.553
658.723,227.985,357.542
658.671,229.024,357.567
658.619,230.062,357.618
658.567,231.101,357.660
658.567,232.087,357.705
658.515,233.126,357.745
658.463,234.164,357.784
658.411,235.202,357.826
658.411,236.241,357.865
658.359,237.279,357.910
658.307,238.318,357.964
658.255,239.356,358.009
658.255,240.395,358.052
658.204,241.433,358.093
658.152,242.471,358.137
658.152,243.562,358.182
658.1,244.6,358.228
658.048,245.639,358.270
658.048,246.677,358.329
657.996,247.715,358.372
657.944,248.806,358.413
657.944,249.844,358.456
657.892,250.883,358.487
657.892,251.973,358.511
657.84,253.011,358.539
657.788,254.102,358.563
657.788,255.14,358.573
657.736,256.231,358.558
657.736,257.321,358.544
657.684,258.359,358.496
657.632,259.45,358.443
657.632,260.54,358.380
657.58,261.63,358.312
657.58,262.721,358.237
657.529,263.759,358.170
657.477,264.849,358.107
657.425,265.94,358.042
657.373,267.03,357.981
657.373,268.12,357.935
657.321,269.263,357.887
657.269,270.353,357.852
657.217,271.443,357.816
657.217,272.534,357.772
657.165,273.676,357.748
657.113,274.766,357.726
657.061,275.857,357.713
657.009,276.999,357.710
656.957,278.089,357.712
656.906,279.232,357.716
656.854,280.322,357.701
656.802,281.464,357.675
656.802,282.555,357.663
656.75,283.697,357.647
656.698,284.839,357.645
656.646,285.981,357.638
656.594,287.124,357.634
656.542,288.266,357.634
656.49,289.408,357.630
656.438,290.55,357.638
656.386,291.693,357.640
656.334,292.835,357.641
656.282,294.029,357.640
656.231,295.171,357.639
656.179,296.366,357.644
656.127,297.508,357.665
656.075,298.702,357.682
656.023,299.844,357.699
655.971,301.038,357.701
655.919,302.233,357.691
655.867,303.427,357.679
655.815,304.621,357.656
655.763,305.815,357.640
655.711,307.009,357.626
655.659,308.204,357.615
655.556,309.398,357.600
655.504,310.592,357.607
655.452,311.786,357.625
655.4,312.98,357.677
655.348,314.226,357.732
655.296,315.421,357.803
655.244,316.667,357.880
655.192,317.861,357.955
655.14,319.107,358.025
655.088,320.301,358.092
655.088,321.547,358.164
655.036,322.793,358.233
654.984,323.988,358.292
654.933,325.234,358.340
654.881,326.48,358.365
654.881,327.674,358.391
654.829,328.92,358.409
654.777,330.166,358.411
654.725,331.412,358.396
654.725,332.658,358.373
654.673,333.904,358.351
654.621,335.099,358.334
654.621,336.345,358.329
654.569,337.591,358.338
654.517,338.837,358.350
654.465,340.083,358.382
654.465,341.329,358.427
654.413,342.575,358.486
654.361,343.821,358.545
654.361,345.067,358.602
654.309,346.314,358.657
654.309,347.56,358.715
654.258,348.806,358.770
654.206,350.052,358.830
654.206,351.298,358.905
654.154,352.544,358.959
654.154,353.79,359.017
654.102,355.036,359.098
654.102,356.282,359.193
654.102,357.529,359.288
654.05,358.775,359.360
654.05,360.021,359.434
654.05,361.267,359.510
654.05,362.513,359.592
653.998,363.759,359.675
653.998,365.005,359.760
653.998,366.251,359.843
653.998,367.497,359.924
653.998,368.744,0.006
653.998,369.99,0.090
653.998,371.236,0.166
653.998,372.482,0.219
653.998,373.676,0.270
653.998,374.922,0.308
653.998,376.168,0.329
653.998,377.414,0.338
653.998,378.66,0.340
653.998,379.907,0.336
653.998,381.153,0.328
653.998,382.399,0.305
653.998,383.645,0.274
653.998,384.891,0.219
653.998,386.137,0.159
653.998,387.383,0.105
653.998,388.629,0.061
653.998,389.875,0.010
653.998,391.121,359.955
653.998,392.368,359.905
653.998,393.614,359.856
653.998,394.86,359.801
653.946,396.106,359.732
653.946,397.352,359.660
653.946,398.598,359.599
653.946,399.844,359.529
653.894,401.09,359.427
653.894,402.336,359.332
653.842,403.583,359.240
653.842,404.829,359.142
653.842,406.075,359.046
653.79,407.321,358.972
653.738,408.567,358.905
653.738,409.813,358.845
653.686,411.059,358.788
653.686,412.305,358.734
653.634,413.551,358.697
653.583,414.798,358.656
653.531,416.044,358.602
653.531,417.29,358.560
653.479,418.536,358.531
653.427,419.73,358.492
653.427,420.976,358.434
653.375,422.222,358.373
653.323,423.468,358.319
653.271,424.766,358.272
653.219,425.961,358.215
653.167,427.207,358.172
653.167,428.453,358.115
653.115,429.699,358.053
653.063,430.945,357.978
653.011,432.191,357.910
652.96,433.437,357.840
652.908,434.683,357.783
652.856,435.929,357.718
652.804,437.175,357.663
652.752,438.422,357.592
652.648,439.72,357.541
652.596,440.966,357.504
652.544,442.212,357.474
652.492,443.458,357.462
652.44,444.704,357.458
652.388,445.95,357.462
652.336,447.248,357.462
652.233,448.494,357.466
652.181,449.74,357.473
652.129,450.987,357.464
652.077,452.233,357.478
652.025,453.479,357.485
651.921,454.777,357.474
651.869,456.023,357.447
651.817,457.269,357.408
651.765,458.515,357.367
651.713,459.761,357.336
651.661,461.059,357.318
651.558,462.305,357.296
651.506,463.551,357.258
651.454,464.849,357.221
651.35,466.147,357.180
651.298,467.394,357.126
651.194,468.692,357.045
651.142,469.99,356.941
651.09,471.288,356.841
650.987,472.586,356.746
650.883,473.884,356.648
650.831,475.182,356.545
650.727,476.48,356.440
650.623,477.83,356.347
650.571,479.18,356.266
650.467,480.478,356.188
650.363,481.828,356.112
650.26,483.126,356.065
650.156,484.476,356.035
650.104,485.826,356.022
650.0,487.175,356.007
649.896,488.525,355.992
649.792,489.875,355.974
649.688,491.277,355.966
649.585,492.627,355.951
649.481,493.977,355.943
649.377,495.327,355.965
649.273,496.729,356.023
649.169,498.079,356.093
649.065,499.481,356.188
648.962,500.831,356.290
648.91,502.181,356.382
648.806,503.583,356.481
648.702,504.984,356.534
648.65,506.334,356.599
648.546,507.736,356.660
648.494,509.138,356.747
648.39,510.488,356.842
648.287,511.89,356.956
648.235,513.292,357.024
648.131,514.694,357.070
648.079,516.044,357.127
648.027,517.445,357.173
647.923,518.847,357.218
647.871,520.249,357.265
647.819,521.599,357.295
647.715,523.001,357.364
647.664,524.403,357.445
647.612,525.805,357.445
647.508,527.207,357.354
647.456,528.557,357.233
647.352,529.958,357.121
647.3,531.36,357.011
647.196,532.762,356.935
647.144,534.112,356.841
647.04,535.514,356.728
646.937,536.916,356.601
646.885,538.318,356.479
646.781,539.72,356.365
646.677,541.07,356.271
646.573,542.471,356.181
646.469,543.873,356.107
646.366,545.275,356.046
646.262,546.677,355.970
646.158,548.027,355.885
646.054,549.429,355.819
645.95,550.779,355.776
645.846,552.181,355.750
645.742,553.531,355.747
645.639,554.933,355.775
645.535,556.282,355.813
645.431,557.632,355.874
645.327,558.982,355.944
645.223,560.332,356.016
645.171,561.63,356.086
645.067,562.98,356.164
644.964,564.278,356.238
644.86,565.576,356.315
644.808,566.926,356.385
644.704,568.172,356.469
644.652,569.47,356.550
644.548,570.768,356.636
644.496,572.066,356.709
644.393,573.313,356.813
644.341,574.559,356.914
644.289,575.805,357.011
644.185,577.103,357.113
644.133,578.349,357.207
644.081,579.595,357.306
644.029,580.841,357.397
643.977,582.087,357.488
643.925,583.281,357.577
643.873,584.528,357.666
643.821,585.774,357.765
643.769,586.968,357.846
643.718,588.214,357.927
643.666,589.46,357.986
643.614,590.654,358.005
643.562,591.9,357.991
643.51,593.094,357.948
643.458,594.341,357.885
643.458,595.535,357.803
643.406,596.729,357.731
643.302,597.923,357.651
643.25,599.117,357.576
643.198,600.312,357.501
643.146,601.558,357.425
643.094,602.752,357.357
642.991,603.946,357.307
642.939,605.14,357.271
642.887,606.282,357.239
642.835,607.477,357.199
642.731,608.671,357.157
642.679,609.917,357.116
642.627,611.111,357.081
642.575,612.305,357.041
642.471,613.499,356.995
642.42,614.694,356.952
642.368,615.888,356.903
642.264,617.082,356.853
642.212,618.328,356.806
642.16,619.522,356.752
642.056,620.717,356.706
641.952,621.963,356.651
641.9,623.157,356.585
641.796,624.351,356.525
641.693,625.597,356.477
641.641,626.791,356.422
641.537,628.037,356.362
641.433,629.232,356.279
641.381,630.478,356.201
641.277,631.724,356.127
641.173,632.918,356.057
641.07,634.164,355.966
641.018,635.41,355.860
640.914,636.656,355.749
640.81,637.902,355.641
640.706,639.148,355.520
640.602,640.395,355.386
640.498,641.641,355.248
640.395,642.887,355.109
640.239,644.133,354.962
640.135,645.431,354.812
640.031,646.677,354.676
639.927,647.923,354.546
639.772,649.221,354.406
639.668,650.467,354.275
639.512,651.765,354.143
639.356,653.011,354.013
639.252,654.258,353.888
639.097,655.556,353.763
638.941,656.802,353.626
638.785,658.1,353.474
638.629,659.346,353.330
638.474,660.644,353.193
638.318,661.942,353.061
638.162,663.188,352.926
637.954,664.486,352.785
637.799,665.784,352.644
637.643,667.03,352.501
637.435,668.328,352.368
637.279,669.626,352.233
637.072,670.924,352.087
636.916,672.17,351.950
636.708,673.468,351.810
636.501,674.766,351.661
636.345,676.064,351.517
636.137,677.362,351.369
635.929,678.66,351.212
635.722,679.958,351.039
635.514,681.256,350.860
635.254,682.555,350.672
635.047,683.853,350.471
634.839,685.151,350.281
634.579,686.449,350.087
634.372,687.747,349.873
634.112,689.045,349.642
633.853,690.343,349.405
633.645,691.641,349.176
633.385,692.939,348.949
633.074,694.289,348.720
632.814,695.587,348.480
632.555,696.885,348.226
632.243,698.183,347.988
631.983,699.481,347.753
631.672,700.779,347.517
631.412,702.077,347.276
631.101,703.375,347.029
630.789,704.673,346.789
630.478,705.971,346.553
630.166,707.269,346.318
629.803,708.567,346.077
629.491,709.865,345.828
629.18,711.163,345.589
628.816,712.461,345.352
628.453,713.759,345.114
628.141,715.057,344.875
627.778,716.355,344.637
627.414,717.653,344.399
627.051,718.951,344.161
626.636,720.197,343.930
626.272,721.495,343.695
625.909,722.793,343.441
625.493,724.091,343.183
625.13,725.389,342.923
624.714,726.636,342.660
624.299,727.934,342.404
623.884,729.232,342.145
623.468,730.478,341.886
623.053,731.776,341.625
622.638,733.022,341.359
622.17,734.32,341.099
621.755,735.566,340.824
621.288,736.864,340.557
620.82,738.11,340.288
620.353,739.408,340.014
619.886,740.654,339.737
619.418,741.9,339.470
618.951,743.198,339.206
618.484,744.444,338.947
617.965,745.691,338.681
617.445,746.989,338.409
616.978,748.235,338.150
616.459,749.481,337.893
615.94,750.727,337.630
615.421,751.973,337.366
614.901,753.219,337.100
614.33,754.465,336.826
613.811,755.711,336.551
613.292,756.957,336.286
612.721,758.204,336.009
612.15,759.45,335.736
611.578,760.696,335.479
611.007,761.89,335.203
610.436,763.136,334.927
609.865,764.382,334.651
609.294,765.628,334.380
608.671,766.822,334.120
608.048,768.069,333.861
607.477,769.263,333.607
606.854,770.509,333.348
606.231,771.703,333.090
605.607,772.949,332.855
604.984,774.143,332.669
604.361,775.389,332.503
603.738,776.584,332.325
603.063,777.778,332.134
602.44,779.024,331.943
601.765,780.218,331.732
601.142,781.412,331.502
600.467,782.658,331.254
599.792,783.853,331.003
599.117,785.047,330.758
598.442,786.241,330.515
597.767,787.435,330.274
597.092,788.629,330.038
596.366,789.823,329.797
595.691,791.018,329.547
594.964,792.212,329.301
594.289,793.406,329.049
593.562,794.6,328.781
592.835,795.742,328.503
592.108,796.937,328.222
591.381,798.131,327.942
590.602,799.325,327.667
589.875,800.467,327.390
589.097,801.661,327.116
588.37,802.856,326.843
587.591,803.998,326.569
586.812,805.14,326.298
586.033,806.334,326.019
585.254,807.477,325.749
584.476,808.619,325.491
583.645,809.813,325.234
582.866,810.955,324.982
582.035,812.098,324.734
581.205,813.24,324.484
580.374,814.382,324.232
579.543,815.524,323.976
578.712,816.667,323.717
577.882,817.809,323.459
577.051,818.899,323.212
576.168,820.042,322.958
575.337,821.184,322.699
574.455,822.274,322.436
573.624,823.416,322.173
572.741,824.507,321.912
571.859,825.649,321.656
570.976,826.739,321.395
570.093,827.882,321.133
569.211,828.972,320.882
568.276,830.062,320.641
567.394,831.153,320.388
566.459,832.243,320.126
565.576,833.333,319.855
564.642,834.424,319.584
563.707,835.514,319.323
562.773,836.604,319.060
561.838,837.695,318.784
560.903,838.733,318.486
559.969,839.823,318.193
559.034,840.862,317.907
558.048,841.9,317.624
557.113,842.991,317.322
556.127,844.029,317.031
555.14,845.067,316.730
554.206,846.106,316.427
553.219,847.144,316.130
552.233,848.131,315.835
551.246,849.169,315.541
550.26,850.156,315.257
549.273,851.142,314.979
548.287,852.129,314.718
547.3,853.063,314.450
546.314,854.05,314.186
545.327,854.984,313.922
544.341,855.971,313.654
543.354,856.906,313.396
542.368,857.84,313.137
541.381,858.723,312.875
540.395,859.657,312.616
539.408,860.54,312.366
538.422,861.475,312.133
537.435,862.357,311.898
536.449,863.24,311.684
535.462,864.071,311.492
534.476,864.953,311.295
533.489,865.836,311.102
532.503,866.667,310.908
531.516,867.497,310.704
530.53,868.328,310.493
529.595,869.159,310.284
528.609,869.99,310.079
527.622,870.82,309.868
526.687,871.599,309.656
525.753,872.378,309.447
524.766,873.209,309.244
523.832,873.988,309.025
522.845,874.714,308.825
521.911,875.493,308.622
520.976,876.272,308.421
520.042,876.999,308.228
519.107,877.726,308.039
518.12,878.453,307.841
517.186,879.18,307.641
516.303,879.907,307.436
515.369,880.582,307.229
514.434,881.308,307.032
513.499,881.983,306.839
512.565,882.658,306.650
511.682,883.333,306.467
510.748,884.008,306.279
509.865,884.683,306.090
508.93,885.358,305.866
508.048,885.981,305.651
507.113,886.656,305.462
506.231,887.279,305.290
505.296,887.902,305.113
504.413,888.577,304.916
503.479,889.2,304.713
502.596,889.823,304.500
501.661,890.447,304.292
500.779,891.07,304.102
499.844,891.693,303.893
498.962,892.264,303.692
498.027,892.887,303.486
497.092,893.458,303.279
496.21,894.081,303.038
495.275,894.652,302.737
494.393,895.275,302.391
493.458,895.846,302.041
492.523,896.366,301.690
491.641,896.937,301.345
490.706,897.508,301.001
489.772,898.027,300.684
488.889,898.598,300.402
487.954,899.117,300.169
487.02,899.637,299.982
486.137,900.156,299.842
485.202,900.675,299.722
484.268,901.194,299.609
483.385,901.713,299.496
482.451,902.233,299.385
481.568,902.752,299.271
480.685,903.271,299.158
479.751,903.738,299.045
478.868,904.258,298.936
477.934,904.777,298.823
477.051,905.244,298.721
476.116,905.763,298.623
475.182,906.282,298.531
474.299,906.75,298.428
473.364,907.269,298.342
472.482,907.736,298.254
471.547,908.255,298.170
470.613,908.723,298.085
469.73,909.242,298.006
468.795,909.709,297.948
467.861,910.228,297.898
466.926,910.696,297.853
465.992,911.163,297.802
465.109,911.682,297.752
464.174,912.15,297.714
463.24,912.669,297.665
462.305,913.136,297.619
461.371,913.603,297.565
460.436,914.123,297.516
459.502,914.59,297.458
458.567,915.057,297.397
457.58,915.576,297.315
456.646,916.044,297.208
455.711,916.511,297.091
454.777,917.03,296.982
453.842,917.497,296.874
452.856,917.965,296.760
451.921,918.432,296.648
450.987,918.951,296.534
450.0,919.418,296.418
449.065,919.886,296.300
448.079,920.353,296.195
447.144,920.82,296.088
446.158,921.288,295.988
445.223,921.755,295.882
444.237,922.274,295.790
443.25,922.741,295.693
442.264,923.209,295.603
441.329,923.676,295.520
440.343,924.143,295.439
439.356,924.611,295.375
438.37,925.078,295.310
437.383,925.545,295.240
436.397,926.012,295.171
435.41,926.48,295.121
434.372,926.947,295.057
433.385,927.414,295.003
432.399,927.882,294.951
431.36,928.349,294.893
430.374,928.816,294.841
429.387,929.283,294.795
428.349,929.751,294.746
427.31,930.218,294.706
426.324,930.737,294.664
425.286,931.205,294.631
424.247,931.672,294.601
423.261,932.139,294.569
422.222,932.606,294.538
421.184,933.074,294.499
420.145,933.541,294.461
419.107,934.008,294.430
418.12,934.476,294.406
417.082,934.995,294.377
416.044,935.462,294.350
415.005,935.929,294.321
413.967,936.397,294.288
412.928,936.864,294.259
411.838,937.331,294.226
410.8,937.799,294.159
409.761,938.266,294.059
408.723,938.733,293.954
407.684,939.2,293.854
406.594,939.668,293.755
405.556,940.135,293.682
404.465,940.602,293.647
403.427,941.07,293.612
402.388,941.537,293.591
401.298,942.004,293.574
400.208,942.471,293.560
399.169,942.939,293.561
398.079,943.406,293.575
396.989,943.873,293.593
395.95,944.341,293.621
394.86,944.808,293.657
393.769,945.275,293.708
392.679,945.742,293.757
391.641,946.262,293.799
390.55,946.729,293.846
389.46,947.196,293.890
388.37,947.715,293.938
387.279,948.183,293.987
386.189,948.65,294.031
385.099,949.169,294.075
384.008,949.637,294.118
382.918,950.156,294.182
381.828,950.623,294.227
380.737,951.142,294.269
379.595,951.61,294.278
378.505,952.129,294.276
377.414,952.648,294.266
376.324,953.115,294.252
375.182,953.634,294.248
374.091,954.102,294.240
372.949,954.621,294.224
371.859,955.14,294.218
370.717,955.659,294.196
369.626,956.179,294.178
368.484,956.646,294.164
367.342,957.165,294.159
366.199,957.684,294.147
365.109,958.204,294.140
363.967,958.671,294.133
362.825,959.19,294.116
361.682,959.709,294.112
360.54,960.228,294.110
359.398,960.748,294.108
358.255,961.267,294.100
357.113,961.734,294.092
355.971,962.253,294.083
354.829,962.773,294.076
353.634,963.292,294.080
352.492,963.811,294.099
351.35,964.33,294.129
350.208,964.849,294.164
349.013,965.369,294.199
347.871,965.888,294.238
346.677,966.407,294.277
345.535,966.978,294.314
344.341,967.497,294.361
343.198,968.017,294.403
342.004,968.536,294.441
340.81,969.055,294.479
339.668,969.626,294.523
338.474,970.145,294.570
337.279,970.665,294.621
336.085,971.236,294.669
334.943,971.807,294.722
333.749,972.326,294.781
332.555,972.897,294.846
331.36,973.416,294.908
330.166,973.988,294.976
329.024,974.559,295.044
327.83,975.078,295.119
326.636,975.649,295.201
325.441,976.22,295.280
324.247,976.791,295.371
323.053,977.362,295.478
321.859,977.934,295.600
320.717,978.505,295.745
319.522,979.076,295.924
318.328,979.647,296.101
317.186,980.218,296.276
315.992,980.789,296.470
314.798,981.412,296.673
313.655,981.983,296.843
312.461,982.606,296.985
311.319,983.178,297.128
310.125,983.801,297.285
308.982,984.424,297.439
307.788,984.995,297.600
306.646,985.618,297.762
305.452,986.241,297.923
304.309,986.864,298.078
303.115,987.487,298.231
301.973,988.11,298.391
300.831,988.733,298.541
299.637,989.356,298.693
298.494,990.031,298.847
297.352,990.654,299.003
296.158,991.277,299.162
295.016,991.952,299.317
293.873,992.575,299.460
292.731,993.25,299.601
291.589,993.925,299.741
290.395,994.548,299.887
289.252,995.223,300.023
288.162,995.846,300.161
287.02,996.521,300.303
285.826,997.196,300.445
284.683,997.871,300.578
283.541,998.546,300.712
282.451,999.221,300.847
281.308,999.896,300.977
280.166,1000.571,301.106
279.024,1001.246,301.240
277.934,1001.921,301.362
276.843,1002.596,301.454
275.701,1003.271,301.538
274.611,1003.946,301.620
273.468,1004.621,301.699
272.378,1005.296,301.783
271.288,1006.023,301.861
270.145,1006.698,301.935
269.055,1007.373,302.011
267.965,1008.048,302.087
266.926,1008.775,302.146
265.888,1009.45,302.207
264.798,1010.125,302.265
263.707,1010.8,302.331
262.617,1011.526,302.412
261.578,1012.201,302.508
260.488,1012.876,302.611
259.45,1013.551,302.715
258.359,1014.226,302.822
257.321,1014.901,302.959
256.334,1015.628,303.092
255.348,1016.355,303.237
254.309,1017.03,303.397
253.271,1017.705,303.572
252.285,1018.432,303.747
251.246,1019.107,303.924
250.208,1019.782,304.119
249.221,1020.509,304.334
248.235,1021.184,304.555
247.248,1021.911,304.806
246.314,1022.638,305.051
245.379,1023.313,305.293
244.393,1024.039,305.568
243.406,1024.766,305.872
242.471,1025.493,306.202
241.485,1026.168,306.535
240.55,1026.895,306.868
239.564,1027.622,307.210
238.629,1028.401,307.565
237.695,1029.128,307.906
236.656,1029.855,308.260
235.67,1030.633,308.594
234.735,1031.36,308.928
233.801,1032.139,309.268
232.918,1032.866,309.607
232.035,1033.645,309.935
231.101,1034.424,310.265
230.218,1035.202,310.586
229.335,1035.981,310.902
228.453,1036.708,311.213
227.518,1037.539,311.528
226.584,1038.318,311.859
225.701,1039.097,312.169
224.818,1039.927,312.476
223.988,1040.706,312.773
223.157,1041.485,313.055
222.326,1042.264,313.309
221.495,1043.043,313.537
220.665,1043.873,313.756
219.834,1044.652,313.974
218.899,1045.431,314.174
218.017,1046.262,314.367
217.186,1047.04,314.556
216.355,1047.819,314.746
215.576,1048.65,314.915
214.798,1049.429,315.071
213.967,1050.26,315.216
213.188,1051.038,315.344
212.409,1051.817,315.458
211.63,1052.596,315.554
210.8,1053.375,315.676
209.917,1054.154,315.791
209.138,1054.984,315.889
208.359,1055.763,315.984
207.632,1056.542,316.102
206.854,1057.321,316.220
206.075,1058.152,316.307
205.348,1058.93,316.381
204.569,1059.709,316.450
203.79,1060.54,316.512
203.011,1061.319,316.569
202.233,1062.15,316.617
201.506,1062.928,316.673
200.727,1063.759,316.726
199.948,1064.538,316.781
199.221,1065.369,316.832
198.442,1066.147,316.895
197.715,1066.978,316.950
196.937,1067.757,317.012
196.21,1068.588,317.072
195.431,1069.367,317.118
194.704,1070.197,317.167
193.925,1070.976,317.226
193.198,1071.807,317.298
192.42,1072.638,317.354
191.693,1073.416,317.422
190.914,1074.247,317.503
190.187,1075.078,317.585
189.46,1075.857,317.661
188.733,1076.687,317.732
187.954,1077.518,317.814
187.227,1078.349,317.897
186.449,1079.18,317.986
185.722,1080.01,318.079
184.995,1080.789,318.174
184.268,1081.62,318.280
183.541,1082.451,318.402
182.814,1083.281,318.537
182.139,1084.06,318.681
181.412,1084.891,318.800
180.685,1085.722,318.960
179.958,1086.501,319.119
179.283,1087.331,319.301
178.557,1088.162,319.490
177.882,1088.941,319.679
177.207,1089.772,319.852
176.532,1090.602,320.030
175.857,1091.433,320.219
175.182,1092.264,320.385
174.507,1093.043,320.551
173.832,1093.873,320.705
173.157,1094.652,320.854
172.482,1095.483,320.992
171.807,1096.314,321.130
171.132,1097.144,321.263
170.509,1097.923,321.385
169.834,1098.754,321.520
169.211,1099.585,321.665
168.536,1100.415,321.827
167.913,1101.246,321.993
167.238,1102.025,322.174
166.615,1102.856,322.388
165.94,1103.686,322.618
165.317,1104.517,322.847
164.694,1105.4,323.081
164.071,1106.231,323.315
163.448,1107.061,323.551
162.825,1107.892,323.786
162.201,1108.775,324.022
161.578,1109.605,324.251
160.955,1110.488,324.480
160.332,1111.371,324.722
159.761,1112.201,324.958
159.138,1113.084,325.185
158.515,1113.967,325.398
157.944,1114.849,325.601
157.321,1115.732,325.786
156.75,1116.563,325.959
156.127,1117.445,326.132
155.556,1118.38,326.314
154.984,1119.263,326.478
154.361,1120.145,326.643
153.79,1121.028,326.798
153.219,1121.911,326.948
152.648,1122.845,327.095
152.077,1123.728,327.253
151.454,1124.611,327.413
150.883,1125.545,327.567
150.312,1126.428,327.732
149.74,1127.362,327.880
149.169,1128.245,328.029
148.598,1129.18,328.162
148.027,1130.062,328.274
147.456,1130.997,328.363
146.885,1131.931,328.433
146.314,1132.866,328.506
145.742,1133.749,328.581
145.223,1134.683,328.659
144.652,1135.618,328.744
144.081,1136.552,328.820
143.51,1137.435,328.913
142.939,1138.37,329.018
142.368,1139.304,329.139
141.796,1140.239,329.269
141.277,1141.173,329.416
140.706,1142.108,329.590
140.135,1143.043,329.764
139.616,1143.977,329.968
139.045,1144.964,330.212
138.525,1145.898,330.437
137.954,1146.833,330.673
137.435,1147.767,330.918
136.916,1148.754,331.163
136.397,1149.688,331.418
135.826,1150.675,331.677
135.358,1151.661,331.960
134.839,1152.596,332.254
134.32,1153.583,332.557
133.801,1154.569,332.863
133.281,1155.556,333.163
132.814,1156.542,333.484
132.347,1157.529,333.807
131.828,1158.515,334.130
131.36,1159.502,334.439
130.893,1160.54,334.738
130.426,1161.526,335.019
129.958,1162.513,335.286
129.491,1163.551,335.547
129.024,1164.538,335.792
128.557,1165.576,336.017
128.089,1166.615,336.250
127.674,1167.601,336.476
127.207,1168.64,336.695
126.791,1169.678,336.913
126.324,1170.717,337.127
125.909,1171.755,337.335
125.493,1172.793,337.536
125.026,1173.832,337.716
124.611,1174.87,337.869
124.195,1175.909,337.990
123.78,1176.947,338.121
123.313,1177.985,338.250
122.897,1179.024,338.383
122.482,1180.114,338.509
122.066,1181.153,338.632
121.651,1182.191,338.757
121.236,1183.281,338.880
120.872,1184.32,338.998
120.457,1185.358,339.124
120.042,1186.449,339.242
119.626,1187.487,339.372
119.211,1188.577,339.505
118.847,1189.616,339.630
118.432,1190.706,339.768
118.069,1191.796,339.909
117.653,1192.835,340.060
117.29,1193.925,340.215
116.874,1195.016,340.383
116.511,1196.106,340.561
116.096,1197.196,340.756
115.732,1198.287,340.962
115.369,1199.377,341.165
115.005,1200.467,341.370
114.642,1201.558,341.572
114.278,1202.648,341.773
113.915,1203.738,341.981
113.551,1204.829,342.187
113.188,1205.919,342.394
112.825,1207.061,342.605
112.513,1208.152,342.792
112.15,1209.242,342.996
111.786,1210.384,343.203
111.475,1211.475,343.417
111.111,1212.565,343.639
110.8,1213.707,343.875
110.488,1214.798,344.129
110.177,1215.94,344.393
109.865,1217.082,344.648
109.553,1218.172,344.908
109.242,1219.315,345.158
108.93,1220.457,345.405
108.619,1221.599,345.638
108.359,1222.741,345.852
108.048,1223.884,346.061
107.788,1225.026,346.282
107.477,1226.168,346.502
107.217,1227.31,346.715
106.957,1228.453,346.933
106.698,1229.595,347.153
106.438,1230.737,347.357
106.179,1231.88,347.577
105.919,1233.074,347.801
105.659,1234.216,348.025
105.4,1235.358,348.250
105.192,1236.552,348.479
104.933,1237.695,348.708
104.673,1238.889,348.937
104.465,1240.031,349.176
104.258,1241.225,349.420
104.05,1242.368,349.650
103.79,1243.562,349.891
103.583,1244.756,350.126
103.427,1245.898,350.353
103.219,1247.092,350.567
103.011,1248.287,350.770
102.804,1249.481,350.971
102.648,1250.675,351.173
102.44,1251.869,351.370
102.285,1253.063,351.566
102.077,1254.258,351.748
101.921,1255.452,351.942
101.713,1256.594,352.144
101.558,1257.84,352.350
101.402,1259.034,352.560
101.246,1260.228,352.781
101.09,1261.475,353.008
100.935,1262.669,353.227
100.779,1263.915,353.457
100.675,1265.109,353.688
100.519,1266.355,353.927
100.415,1267.549,354.162
100.26,1268.795,354.400
100.156,1270.042,354.642
100.0,1271.236,354.894
99.896,1272.482,355.142
99.792,1273.728,355.399
99.688,1274.974,355.655
99.637,1276.168,355.904
99.533,1277.414,356.152
99.429,1278.66,356.406
99.377,1279.855,356.659
99.273,1281.101,356.910
99.221,1282.295,357.159
99.169,1283.541,357.405
99.117,1284.735,357.661
99.065,1285.981,357.914
99.013,1287.175,358.153
98.962,1288.37,358.385
98.962,1289.616,358.613
98.91,1290.81,358.823
98.91,1292.056,359.044
98.858,1293.25,359.248
98.858,1294.496,359.442
98.858,1295.691,359.627
98.858,1296.885,359.809
98.858,1298.131,359.991
98.858,1299.325,0.173
98.858,1300.571,0.355
98.858,1301.765,0.547
98.858,1303.011,0.722
98.858,1304.206,0.900
98.858,1305.452,1.080
98.91,1306.646,1.259
98.91,1307.84,1.440
98.962,1309.086,1.605
98.962,1310.28,1.771
99.013,1311.526,1.933
99.065,1312.721,2.075
99.117,1313.967,2.215
99.117,1315.161,2.346
99.169,1316.407,2.490
99.221,1317.601,2.630
99.273,1318.847,2.775
99.325,1320.042,2.915
99.429,1321.288,3.062
99.481,1322.482,3.205
99.533,1323.728,3.344
99.585,1324.922,3.492
99.688,1326.168,3.659
99.74,1327.362,3.816
99.844,1328.609,3.991
99.896,1329.803,4.174
100.0,1331.049,4.381
100.104,1332.243,4.603
100.156,1333.489,4.847
100.26,1334.683,5.079
100.363,1335.929,5.314
100.519,1337.124,5.549
100.623,1338.37,5.776
100.727,1339.564,5.989
100.883,1340.758,6.203
100.987,1342.004,6.415
101.142,1343.198,6.635
101.246,1344.444,6.847
101.402,1345.639,7.055
101.558,1346.833,7.264
101.713,1348.079,7.476
101.869,1349.273,7.691
102.025,1350.519,7.908
102.181,1351.713,8.141
102.388,1352.96,8.388
102.544,1354.154,8.632
102.7,1355.4,8.872
102.908,1356.594,9.095
103.115,1357.84,9.322
103.323,1359.034,9.548
103.531,1360.228,9.771
103.738,1361.475,10.002
103.946,1362.669,10.229
104.154,1363.915,10.441
104.361,1365.109,10.661
104.569,1366.303,10.883
104.829,1367.497,11.109
105.036,1368.744,11.340
105.296,1369.938,11.555
105.556,1371.132,11.770
105.815,1372.378,11.989
106.023,1373.572,12.212
106.282,1374.766,12.442
106.542,1376.012,12.652
106.854,1377.207,12.875
107.113,1378.401,13.086
107.373,1379.595,13.306
107.684,1380.841,13.515
107.944,1382.035,13.729
108.255,1383.229,13.946
108.567,1384.476,14.157
108.879,1385.67,14.379
109.19,1386.864,14.593
109.502,1388.058,14.801
109.813,1389.304,15.024
110.125,1390.498,15.241
110.436,1391.745,15.456
110.8,1392.939,15.672
111.111,1394.133,15.888
111.475,1395.379,16.108
111.786,1396.573,16.327
112.15,1397.819,16.544
112.513,1399.013,16.761
112.876,1400.208,16.965
113.24,1401.454,17.176
113.603,1402.648,17.389
114.019,1403.894,17.600
114.382,1405.088,17.815
114.746,1406.334,18.007
115.161,1407.529,18.193
115.576,1408.775,18.358
115.94,1409.969,18.529
116.355,1411.215,18.692
116.771,1412.409,18.850
117.186,1413.655,19.019
117.601,1414.901,19.195
118.017,1416.096,19.363
118.484,1417.342,19.530
118.899,1418.588,19.703
119.315,1419.782,19.892
119.782,1421.028,20.100
120.197,1422.274,20.326
120.665,1423.468,20.560
121.132,1424.714,20.786
121.599,1425.961,21.023
122.066,1427.155,21.263
122.534,1428.401,21.507
123.001,1429.647,21.744
123.52,1430.841,21.980
123.988,1432.087,22.215
124.507,1433.333,22.453
124.974,1434.528,22.698
125.493,1435.774,22.935
126.012,1437.02,23.160
126.532,1438.214,23.395
127.051,1439.46,23.619
127.622,1440.654,23.847
128.141,1441.9,24.087
128.66,1443.094,24.328
129.232,1444.341,24.561
129.803,1445.587,24.796
130.322,1446.781,25.036
130.893,1448.027,25.273
131.464,1449.221,25.496
132.087,1450.467,25.726
132.658,1451.661,25.955
133.229,1452.908,26.192
133.853,1454.102,26.423
134.424,1455.348,26.647
135.047,1456.542,26.867
135.67,1457.788,27.094
136.293,1458.982,27.321
136.916,1460.177,27.541
137.539,1461.423,27.750
138.162,1462.617,27.959
138.785,1463.863,28.156
139.46,1465.057,28.332
140.083,1466.251,28.534
140.758,1467.497,28.726
141.433,1468.692,28.911
142.056,1469.886,29.097
142.731,1471.132,29.304
143.406,1472.326,29.515
144.081,1473.52,29.742
144.808,1474.714,29.985
145.483,1475.961,30.239
146.158,1477.155,30.521
146.885,1478.349,30.806
147.56,1479.543,31.100
148.287,1480.685,31.396
149.013,1481.88,31.693
149.74,1483.074,31.990
150.467,1484.216,32.288
151.194,1485.41,32.571
151.921,1486.552,32.845
152.7,1487.695,33.113
153.427,1488.889,33.366
154.206,1490.031,33.611
154.933,1491.173,33.844
155.711,1492.316,34.085
156.49,1493.406,34.320
157.217,1494.548,34.562
157.996,1495.691,34.803
158.775,1496.781,35.034
159.553,1497.923,35.269
160.332,1499.065,35.499
161.111,1500.156,35.727
161.942,1501.298,35.956
162.721,1502.388,36.189
163.499,1503.479,36.416
164.33,1504.569,36.636
165.109,1505.659,36.842
165.94,1506.75,37.049
166.771,1507.84,37.263
167.601,1508.93,37.473
168.432,1510.021,37.678
169.263,1511.111,37.880
170.093,1512.201,38.080
170.924,1513.292,38.259
171.755,1514.33,38.420
172.586,1515.421,38.577
173.468,1516.511,38.707
174.299,1517.549,38.787
175.13,1518.64,38.866
176.012,1519.678,38.966
176.843,1520.768,39.105
177.726,1521.807,39.259
178.557,1522.845,39.438
179.439,1523.936,39.624
180.27,1524.974,39.846
181.153,1526.012,40.129
182.035,1527.051,40.476
182.918,1528.089,40.851
183.801,1529.128,41.231
184.683,1530.166,41.618
185.618,1531.205,42.001
186.552,1532.191,42.366
187.435,1533.178,42.715
188.37,1534.216,43.044
189.304,1535.202,43.360
190.239,1536.189,43.653
191.173,1537.175,43.936
192.108,1538.162,44.208
193.094,1539.148,44.473
194.029,1540.135,44.741
194.964,1541.07,45.000
195.95,1542.056,45.238
196.885,1543.043,45.471
197.871,1543.977,45.711
198.858,1544.912,45.956
199.792,1545.898,46.186
200.779,1546.833,46.407
201.765,1547.767,46.620
202.752,1548.702,46.820
203.79,1549.637,47.036
204.777,1550.571,47.251
205.763,1551.506,47.464
206.75,1552.44,47.672
207.788,1553.375,47.879
208.775,1554.309,48.089
209.813,1555.192,48.300
210.8,1556.127,48.516
211.838,1557.009,48.729
212.876,1557.944,48.940
213.915,1558.827,49.143
214.953,1559.761,49.348
215.992,1560.644,49.558
217.03,1561.526,49.773
218.069,1562.409,49.976
219.107,1563.292,50.190
220.145,1564.174,50.409
221.236,1565.057,50.638
222.274,1565.94,50.859
223.313,1566.822,51.109
224.403,1567.653,51.345
225.493,1568.536,51.575
226.584,1569.367,51.805
227.622,1570.249,52.032
228.712,1571.08,52.246
229.803,1571.963,52.460
230.893,1572.793,52.655
231.983,1573.624,52.845
233.074,1574.455,53.032
234.164,1575.286,53.202
235.306,1576.116,53.380
236.397,1576.947,53.564
237.539,1577.778,53.749
238.629,1578.609,53.931
239.772,1579.439,54.118
240.862,1580.218,54.299
242.004,1581.049,54.478
243.146,1581.88,54.669
244.237,1582.658,54.859
245.379,1583.437,55.041
246.521,1584.268,55.242
247.664,1585.047,55.449
248.806,1585.826,55.666
249.948,1586.604,55.914
251.09,1587.383,56.175
252.233,1588.162,56.442
253.375,1588.941,56.698
254.517,1589.72,56.958
255.711,1590.498,57.224
256.854,1591.225,57.486
258.048,1592.004,57.749
259.242,1592.731,58.013
260.436,1593.458,58.276
261.63,1594.185,58.545
262.825,1594.912,58.812
264.019,1595.639,59.077
265.213,1596.366,59.345
266.407,1597.092,59.602
267.601,1597.819,59.863
268.795,1598.494,60.135
270.042,1599.221,60.408
271.236,1599.896,60.677
272.482,1600.571,60.950
273.676,1601.246,61.216
274.922,1601.921,61.478
276.168,1602.596,61.741
277.362,1603.271,62.002
278.609,1603.946,62.254
279.855,1604.621,62.507
281.101,1605.244,62.747
282.347,1605.867,62.984
283.593,1606.542,63.217
284.839,1607.165,63.442
286.137,1607.788,63.655
287.383,1608.411,63.879
288.629,1609.034,64.111
289.927,1609.657,64.344
291.173,1610.28,64.572
292.471,1610.852,64.797
293.718,1611.475,65.022
295.016,1612.098,65.256
296.314,1612.669,65.478
297.56,1613.24,65.692
298.858,1613.863,65.906
300.156,1614.434,66.121
301.454,1615.005,66.336
302.752,1615.576,66.560
304.05,1616.147,66.785
305.348,1616.719,66.995
306.646,1617.29,67.201
307.944,1617.809,67.408
309.294,1618.38,67.601
310.592,1618.899,67.785
311.89,1619.47,67.964
313.24,1619.99,68.138
314.538,1620.509,68.317
315.888,1621.028,68.492
317.186,1621.599,68.690
318.536,1622.118,68.918
319.834,1622.638,69.157
321.184,1623.105,69.426
322.534,1623.624,69.708
323.832,1624.143,69.982
325.182,1624.611,70.244
326.532,1625.078,70.503
327.83,1625.545,70.755
329.18,1626.012,70.997
330.53,1626.48,71.232
331.828,1626.947,71.468
333.178,1627.414,71.688
334.528,1627.83,71.909
335.826,1628.297,72.105
337.175,1628.712,72.290
338.474,1629.128,72.469
339.823,1629.595,72.637
341.173,1630.01,72.814
342.471,1630.426,72.988
343.821,1630.841,73.144
345.119,1631.256,73.276
346.469,1631.62,73.400
347.767,1632.035,73.527
349.117,1632.451,73.654
350.415,1632.814,73.785
351.765,1633.229,73.913
353.063,1633.593,74.036
354.413,1633.956,74.161
355.711,1634.372,74.280
357.009,1634.735,74.398
358.359,1635.099,74.522
359.657,1635.462,74.639
360.955,1635.826,74.767
362.305,1636.189,74.886
363.603,1636.552,75.005
364.901,1636.916,75.128
366.199,1637.279,75.245
367.497,1637.643,75.365
368.795,1637.954,75.482
370.145,1638.318,75.603
371.443,1638.629,75.721
372.741,1638.993,75.826
374.039,1639.304,75.951
375.337,1639.616,76.069
376.584,1639.979,76.184
377.882,1640.291,76.305
379.18,1640.602,76.423
380.478,1640.914,76.536
381.776,1641.225,76.649
383.074,1641.537,76.741
384.32,1641.848,76.806
385.618,1642.16,76.849
386.916,1642.471,76.900
388.214,1642.783,76.944
389.512,1643.094,76.982
390.758,1643.354,77.017
392.056,1643.666,77.065
393.354,1643.977,77.113
394.6,1644.289,77.170
395.898,1644.548,77.214
397.144,1644.86,77.261
398.442,1645.171,77.299
399.688,1645.431,77.350
400.987,1645.742,77.396
402.233,1646.054,77.431
403.531,1646.314,77.457
404.777,1646.625,77.479
406.023,1646.885,77.501
407.321,1647.196,77.529
408.567,1647.456,77.557
409.813,1647.767,77.581
411.059,1648.027,77.622
412.357,1648.339,77.647
413.603,1648.598,77.665
414.849,1648.91,77.681
416.096,1649.169,77.705
417.342,1649.481,77.730
418.64,1649.74,77.752
419.886,1650.0,77.785
421.132,1650.312,77.839
422.326,1650.571,77.926
423.572,1650.831,78.014
424.818,1651.09,78.105
426.064,1651.35,78.189
427.31,1651.61,78.268
428.557,1651.869,78.353
429.803,1652.181,78.432
430.997,1652.44,78.506
432.243,1652.648,78.583
433.489,1652.908,78.616
434.683,1653.167,78.569
435.929,1653.427,78.451
437.175,1653.686,78.258
438.422,1653.946,78.007
439.616,1654.206,77.691
440.862,1654.517,77.315
442.056,1654.777,76.924
443.25,1655.088,76.572
444.496,1655.4,76.266
445.691,1655.711,76.009
446.885,1656.023,75.797
448.079,1656.334,75.587
449.273,1656.646,75.393
450.467,1656.957,75.224
451.661,1657.269,75.080
452.856,1657.58,74.937
454.05,1657.892,74.809
455.244,1658.255,74.678
456.438,1658.567,74.568
457.632,1658.93,74.483
458.775,1659.242,74.421
459.969,1659.553,74.377
461.163,1659.917,74.347
462.357,1660.228,74.334
463.551,1660.592,74.327
464.694,1660.903,74.343
465.888,1661.267,74.374
467.03,1661.578,74.399
468.224,1661.89,74.416
469.418,1662.253,74.429
470.561,1662.565,74.443
471.755,1662.876,74.466
472.897,1663.24,74.471
474.091,1663.551,74.464
475.234,1663.915,74.427
476.376,1664.226,74.365
477.57,1664.59,74.285
478.712,1664.901,74.197
479.855,1665.265,74.111
481.049,1665.576,74.014
482.191,1665.94,73.932
483.333,1666.251,73.850
484.476,1666.615,73.761
485.67,1666.926,73.660
486.812,1667.29,73.556
487.954,1667.601,73.432
489.097,1667.965,73.272
490.239,1668.328,73.083
491.381,1668.692,72.880
492.523,1669.055,72.669
493.666,1669.418,72.461
494.808,1669.782,72.254
495.95,1670.145,72.042
497.04,1670.509,71.831
498.183,1670.924,71.612
499.325,1671.288,71.404
500.415,1671.703,71.192
501.558,1672.066,70.987
502.648,1672.482,70.795
503.79,1672.897,70.617
504.881,1673.261,70.467
505.971,1673.676,70.310
507.113,1674.091,70.174
508.204,1674.507,70.043
509.294,1674.87,69.923
510.384,1675.286,69.811
511.475,1675.701,69.704
512.565,1676.116,69.600
513.655,1676.532,69.502
514.746,1676.947,69.407
515.836,1677.362,69.309
516.926,1677.778,69.212
518.017,1678.193,69.098
519.107,1678.609,68.976
520.197,1679.024,68.853
521.236,1679.491,68.714
522.326,1679.907,68.544
523.364,1680.322,68.344
524.455,1680.789,68.121
525.493,1681.205,67.918
526.584,1681.62,67.727
527.622,1682.087,67.539
528.66,1682.503,67.351
529.751,1682.97,67.158
530.789,1683.437,66.956
531.828,1683.853,66.756
532.866,1684.32,66.566
533.904,1684.787,66.375
534.943,1685.254,66.196
535.981,1685.722,66.013
537.02,1686.189,65.824
538.058,1686.708,65.646
539.097,1687.175,65.432
540.135,1687.643,65.202
541.173,1688.11,64.969
542.16,1688.577,64.754
543.198,1689.097,64.545
544.237,1689.564,64.330
545.223,1690.083,64.117
546.21,1690.55,63.900
547.248,1691.07,63.690
548.235,1691.589,63.496
549.221,1692.056,63.294
550.208,1692.575,63.099
551.194,1693.094,62.905
552.181,1693.614,62.707
553.167,1694.133,62.507
554.154,1694.652,62.292
555.14,1695.171,62.042
556.127,1695.691,61.731
557.061,1696.21,61.357
557.996,1696.729,60.966
558.982,1697.3,60.536
559.917,1697.819,60.079
560.852,1698.39,59.618
561.786,1698.962,59.123
562.669,1699.533,58.650
563.603,1700.104,58.171
564.486,1700.675,57.681
565.369,1701.246,57.187
566.251,1701.817,56.700
567.134,1702.44,56.235
568.017,1703.011,55.839
568.899,1703.634,55.501
569.73,1704.206,55.203
570.561,1704.829,54.917
571.391,1705.4,54.636
572.222,1706.023,54.377
573.053,1706.594,54.124
573.884,1707.217,53.885
574.663,1707.788,53.633
575.493,1708.411,53.357
576.272,1708.982,53.058
577.051,1709.605,52.760
577.83,1710.177,52.468
578.609,1710.8,52.167
579.387,1711.423,51.854
580.114,1711.994,51.555
580.893,1712.617,51.269
581.62,1713.24,50.992
582.347,1713.811,50.734
583.074,1714.434,50.511
583.801,1715.005,50.290
584.476,1715.628,50.084
585.202,1716.251,49.896
585.877,1716.822,49.705
586.604,1717.445,49.512
587.279,1718.017,49.352
587.954,1718.64,49.208
588.629,1719.211,49.073
589.304,1719.782,48.934
589.927,1720.353,48.806
590.602,1720.924,48.701
591.225,1721.495,48.620
591.848,1722.066,48.573
